# iterazione   metodo_sqrt              metodo_rapporto
    1        7.000000000000000        3.571428571428572
    2        5.000000000000000        4.000000000000000
    3        4.641588833612778        4.210000000000000
    4        4.529711307432648        4.327790973871734
    5        4.488587281299274        4.391877058177826
    6        4.472322274590357        4.425518620344914
    7        4.465605854244551        4.442803490243696
    8        4.462749170870817        4.451583583863525
    9        4.461507168370908        4.456017510469302
   10        4.460957898380132        4.458249997596854
   11        4.460711657631597        4.459372376929173
   12        4.460600035545285        4.459936226850177
   13        4.460548969830462        4.460219381148302
   14        4.460525426974066        4.460361548643535
   15        4.460514501564711        4.460432921988532
   16        4.460509402797488        4.460468752334195
   17        4.460507011583509        4.460486739200510
   18        4.460505885337592        4.460495768514919
   19        4.460505352872668        4.460500301156874
   20        4.460505100286744        4.460502576499131
   21        4.460504980106348        4.460503718697111
   22        4.460504922769557        4.460504292068094
   23        4.460504895347753        4.460504579893990
   24        4.460504882203845        4.460504724379381
   25        4.460504875890867        4.460504796909428
   26        4.460504872853120        4.460504833318699
   27        4.460504871388881        4.460504851595744
   28        4.460504870681983        4.460504860770614
   29        4.460504870340212        4.460504865376296
   30        4.460504870174749        4.460504867688297
   31        4.460504870094540        4.460504868848895
   32        4.460504870055614        4.460504869431504
   33        4.460504870036702        4.460504869723964
   34        4.460504870027504        4.460504869870777
   35        4.460504870023025        4.460504869944477
   36        4.460504870020843        4.460504869981472
   37        4.460504870019780        4.460504870000044
   38        4.460504870019260        4.460504870009366
   39        4.460504870019006        4.460504870014047
   40        4.460504870018883        4.460504870016395
   41        4.460504870018822        4.460504870017575
   42        4.460504870018791        4.460504870018167
   43        4.460504870018777        4.460504870018465
   44        4.460504870018770        4.460504870018613
   45        4.460504870018767        4.460504870018688
   46        4.460504870018765        4.460504870018726
   47        4.460504870018764        4.460504870018744
   48        4.460504870018764        4.460504870018753
   49        4.460504870018763        4.460504870018760
   50        4.460504870018764        4.460504870018760
   51        4.460504870018763        4.460504870018762
   52        4.460504870018764        4.460504870018763
   53        4.460504870018763        4.460504870018764
   54        4.460504870018763        4.460504870018763
   55        4.460504870018763        4.460504870018764
   56        4.460504870018763        4.460504870018763
   57        4.460504870018763        4.460504870018764
   58        4.460504870018763        4.460504870018764
   59        4.460504870018763        4.460504870018763
   60        4.460504870018763        4.460504870018764
   61        4.460504870018764        4.460504870018763
   62        4.460504870018763        4.460504870018764
   63        4.460504870018763        4.460504870018763
   64        4.460504870018763        4.460504870018763
   65        4.460504870018764        4.460504870018764
   66        4.460504870018764        4.460504870018764
   67        4.460504870018763        4.460504870018763
   68        4.460504870018763        4.460504870018763
   69        4.460504870018764        4.460504870018764
   70        4.460504870018763        4.460504870018764
   71        4.460504870018764        4.460504870018763
   72        4.460504870018763        4.460504870018765
   73        4.460504870018763        4.460504870018762
   74        4.460504870018764        4.460504870018763
   75        4.460504870018764        4.460504870018764
   76        4.460504870018763        4.460504870018764
   77        4.460504870018764        4.460504870018763
   78        4.460504870018763        4.460504870018763
   79        4.460504870018763        4.460504870018764
   80        4.460504870018764        4.460504870018763
   81        4.460504870018763        4.460504870018764
   82        4.460504870018764        4.460504870018764
   83        4.460504870018764        4.460504870018763
   84        4.460504870018763        4.460504870018764
   85        4.460504870018763        4.460504870018763
   86        4.460504870018763        4.460504870018764
   87        4.460504870018763        4.460504870018763
   88        4.460504870018764        4.460504870018764
   89        4.460504870018763        4.460504870018763
   90        4.460504870018764        4.460504870018763
   91        4.460504870018764        4.460504870018764
   92        4.460504870018763        4.460504870018764
   93        4.460504870018764        4.460504870018763
   94        4.460504870018763        4.460504870018763
   95        4.460504870018763        4.460504870018763
   96        4.460504870018763        4.460504870018764
   97        4.460504870018763        4.460504870018764
   98        4.460504870018763        4.460504870018763
   99        4.460504870018764        4.460504870018764
  100        4.460504870018764        4.460504870018763
  101        4.460504870018764        4.460504870018764
  102        4.460504870018763        4.460504870018763
  103        4.460504870018763        4.460504870018764
  104        4.460504870018764        4.460504870018763
  105        4.460504870018764        4.460504870018764
  106        4.460504870018763        4.460504870018763
  107        4.460504870018763        4.460504870018763
  108        4.460504870018763        4.460504870018765
  109        4.460504870018764        4.460504870018763
  110        4.460504870018763        4.460504870018763
  111        4.460504870018763        4.460504870018764
  112        4.460504870018763        4.460504870018763
  113        4.460504870018763        4.460504870018764
  114        4.460504870018763        4.460504870018764
  115        4.460504870018764        4.460504870018763
  116        4.460504870018763        4.460504870018763
  117        4.460504870018764        4.460504870018763
  118        4.460504870018763        4.460504870018763
  119        4.460504870018763        4.460504870018764
  120        4.460504870018763        4.460504870018763
  121        4.460504870018764        4.460504870018763
  122        4.460504870018764        4.460504870018764
  123        4.460504870018764        4.460504870018763
  124        4.460504870018763        4.460504870018763
  125        4.460504870018764        4.460504870018764
  126        4.460504870018763        4.460504870018763
  127        4.460504870018763        4.460504870018764
  128        4.460504870018763        4.460504870018764
  129        4.460504870018763        4.460504870018763
  130        4.460504870018764        4.460504870018764
  131        4.460504870018763        4.460504870018763
  132        4.460504870018764        4.460504870018764
  133        4.460504870018763        4.460504870018762
  134        4.460504870018763        4.460504870018764
  135        4.460504870018764        4.460504870018764
  136        4.460504870018763        4.460504870018763
  137        4.460504870018763        4.460504870018763
  138        4.460504870018764        4.460504870018764
  139        4.460504870018764        4.460504870018763
  140        4.460504870018763        4.460504870018764
  141        4.460504870018763        4.460504870018763
  142        4.460504870018764        4.460504870018763
  143        4.460504870018763        4.460504870018764
  144        4.460504870018763        4.460504870018764
  145        4.460504870018763        4.460504870018763
  146        4.460504870018763        4.460504870018764
  147        4.460504870018763        4.460504870018763
  148        4.460504870018764        4.460504870018764
  149        4.460504870018763        4.460504870018763
  150        4.460504870018764        4.460504870018763
  151        4.460504870018763        4.460504870018763
  152        4.460504870018763        4.460504870018764
  153        4.460504870018764        4.460504870018764
  154        4.460504870018764        4.460504870018764
  155        4.460504870018763        4.460504870018763
  156        4.460504870018763        4.460504870018764
  157        4.460504870018764        4.460504870018763
  158        4.460504870018763        4.460504870018764
  159        4.460504870018764        4.460504870018762
  160        4.460504870018764        4.460504870018764
  161        4.460504870018763        4.460504870018764
  162        4.460504870018763        4.460504870018764
  163        4.460504870018764        4.460504870018764
  164        4.460504870018764        4.460504870018763
  165        4.460504870018763        4.460504870018764
  166        4.460504870018764        4.460504870018763
  167        4.460504870018764        4.460504870018764
  168        4.460504870018763        4.460504870018763
  169        4.460504870018763        4.460504870018764
  170        4.460504870018763        4.460504870018763
  171        4.460504870018763        4.460504870018763
  172        4.460504870018763        4.460504870018765
  173        4.460504870018763        4.460504870018763
  174        4.460504870018763        4.460504870018764
  175        4.460504870018763        4.460504870018763
  176        4.460504870018764        4.460504870018764
  177        4.460504870018763        4.460504870018764
  178        4.460504870018763        4.460504870018764
  179        4.460504870018764        4.460504870018762
  180        4.460504870018764        4.460504870018764
  181        4.460504870018763        4.460504870018763
  182        4.460504870018764        4.460504870018763
  183        4.460504870018763        4.460504870018764
  184        4.460504870018763        4.460504870018763
  185        4.460504870018764        4.460504870018763
  186        4.460504870018764        4.460504870018764
  187        4.460504870018763        4.460504870018763
  188        4.460504870018763        4.460504870018764
  189        4.460504870018763        4.460504870018764
  190        4.460504870018763        4.460504870018764
  191        4.460504870018764        4.460504870018763
  192        4.460504870018763        4.460504870018763
  193        4.460504870018764        4.460504870018764
  194        4.460504870018763        4.460504870018763
  195        4.460504870018763        4.460504870018763
  196        4.460504870018763        4.460504870018764
  197        4.460504870018763        4.460504870018763
  198        4.460504870018764        4.460504870018765
  199        4.460504870018764        4.460504870018762
  200        4.460504870018764        4.460504870018763
  201        4.460504870018763        4.460504870018764
  202        4.460504870018764        4.460504870018764
  203        4.460504870018764        4.460504870018764
  204        4.460504870018763        4.460504870018763
  205        4.460504870018763        4.460504870018764
  206        4.460504870018763        4.460504870018764
  207        4.460504870018763        4.460504870018762
  208        4.460504870018764        4.460504870018764
  209        4.460504870018763        4.460504870018763
  210        4.460504870018764        4.460504870018764
  211        4.460504870018764        4.460504870018764
  212        4.460504870018763        4.460504870018763
  213        4.460504870018764        4.460504870018764
  214        4.460504870018763        4.460504870018764
  215        4.460504870018763        4.460504870018763
  216        4.460504870018763        4.460504870018763
  217        4.460504870018763        4.460504870018764
  218        4.460504870018764        4.460504870018763
  219        4.460504870018763        4.460504870018763
  220        4.460504870018763        4.460504870018764
  221        4.460504870018764        4.460504870018763
  222        4.460504870018763        4.460504870018764
  223        4.460504870018763        4.460504870018763
  224        4.460504870018763        4.460504870018763
  225        4.460504870018763        4.460504870018765
  226        4.460504870018763        4.460504870018763
  227        4.460504870018764        4.460504870018763
  228        4.460504870018763        4.460504870018763
  229        4.460504870018763        4.460504870018764
  230        4.460504870018764        4.460504870018764
  231        4.460504870018763        4.460504870018764
  232        4.460504870018763        4.460504870018763
  233        4.460504870018763        4.460504870018763
  234        4.460504870018764        4.460504870018764
  235        4.460504870018764        4.460504870018764
  236        4.460504870018763        4.460504870018764
  237        4.460504870018763        4.460504870018763
  238        4.460504870018763        4.460504870018764
  239        4.460504870018763        4.460504870018763
  240        4.460504870018763        4.460504870018763
  241        4.460504870018763        4.460504870018764
  242        4.460504870018764        4.460504870018763
  243        4.460504870018764        4.460504870018764
  244        4.460504870018764        4.460504870018763
  245        4.460504870018764        4.460504870018763
  246        4.460504870018764        4.460504870018764
  247        4.460504870018764        4.460504870018763
  248        4.460504870018763        4.460504870018764
  249        4.460504870018763        4.460504870018764
  250        4.460504870018764        4.460504870018763
  251        4.460504870018763        4.460504870018763
  252        4.460504870018763        4.460504870018764
  253        4.460504870018763        4.460504870018763
  254        4.460504870018763        4.460504870018764
  255        4.460504870018763        4.460504870018764
  256        4.460504870018763        4.460504870018763
  257        4.460504870018764        4.460504870018763
  258        4.460504870018763        4.460504870018763
  259        4.460504870018764        4.460504870018763
  260        4.460504870018764        4.460504870018764
  261        4.460504870018763        4.460504870018763
  262        4.460504870018763        4.460504870018763
  263        4.460504870018763        4.460504870018764
  264        4.460504870018764        4.460504870018763
  265        4.460504870018764        4.460504870018763
  266        4.460504870018763        4.460504870018763
  267        4.460504870018764        4.460504870018763
  268        4.460504870018763        4.460504870018765
  269        4.460504870018763        4.460504870018764
  270        4.460504870018764        4.460504870018763
  271        4.460504870018763        4.460504870018763
  272        4.460504870018763        4.460504870018763
  273        4.460504870018763        4.460504870018764
  274        4.460504870018763        4.460504870018763
  275        4.460504870018763        4.460504870018764
  276        4.460504870018764        4.460504870018763
  277        4.460504870018764        4.460504870018764
  278        4.460504870018764        4.460504870018764
  279        4.460504870018763        4.460504870018764
  280        4.460504870018763        4.460504870018764
  281        4.460504870018763        4.460504870018764
  282        4.460504870018763        4.460504870018763
  283        4.460504870018763        4.460504870018763
  284        4.460504870018764        4.460504870018765
  285        4.460504870018764        4.460504870018763
  286        4.460504870018763        4.460504870018763
  287        4.460504870018763        4.460504870018764
  288        4.460504870018763        4.460504870018764
  289        4.460504870018764        4.460504870018763
  290        4.460504870018763        4.460504870018764
  291        4.460504870018763        4.460504870018763
  292        4.460504870018763        4.460504870018763
  293        4.460504870018764        4.460504870018764
  294        4.460504870018763        4.460504870018764
  295        4.460504870018763        4.460504870018763
  296        4.460504870018764        4.460504870018763
  297        4.460504870018763        4.460504870018764
  298        4.460504870018763        4.460504870018763
  299        4.460504870018763        4.460504870018764
  300        4.460504870018764        4.460504870018764
  301        4.460504870018764        4.460504870018764
  302        4.460504870018763        4.460504870018764
  303        4.460504870018764        4.460504870018763
  304        4.460504870018763        4.460504870018764
  305        4.460504870018763        4.460504870018765
  306        4.460504870018764        4.460504870018762
  307        4.460504870018764        4.460504870018764
  308        4.460504870018764        4.460504870018764
  309        4.460504870018764        4.460504870018763
  310        4.460504870018763        4.460504870018763
  311        4.460504870018763        4.460504870018764
  312        4.460504870018763        4.460504870018763
  313        4.460504870018763        4.460504870018763
  314        4.460504870018764        4.460504870018764
  315        4.460504870018763        4.460504870018763
  316        4.460504870018763        4.460504870018764
  317        4.460504870018763        4.460504870018763
  318        4.460504870018764        4.460504870018764
  319        4.460504870018763        4.460504870018764
  320        4.460504870018764        4.460504870018763
  321        4.460504870018763        4.460504870018763
  322        4.460504870018763        4.460504870018763
  323        4.460504870018764        4.460504870018764
  324        4.460504870018763        4.460504870018763
  325        4.460504870018763        4.460504870018764
  326        4.460504870018764        4.460504870018764
  327        4.460504870018764        4.460504870018763
  328        4.460504870018764        4.460504870018763
  329        4.460504870018763        4.460504870018763
  330        4.460504870018763        4.460504870018764
  331        4.460504870018763        4.460504870018764
  332        4.460504870018764        4.460504870018763
  333        4.460504870018763        4.460504870018764
  334        4.460504870018764        4.460504870018764
  335        4.460504870018764        4.460504870018763
  336        4.460504870018763        4.460504870018763
  337        4.460504870018764        4.460504870018763
  338        4.460504870018763        4.460504870018764
  339        4.460504870018763        4.460504870018763
  340        4.460504870018763        4.460504870018764
  341        4.460504870018763        4.460504870018764
  342        4.460504870018763        4.460504870018763
  343        4.460504870018763        4.460504870018762
  344        4.460504870018763        4.460504870018765
  345        4.460504870018764        4.460504870018763
  346        4.460504870018763        4.460504870018763
  347        4.460504870018763        4.460504870018764
  348        4.460504870018763        4.460504870018763
  349        4.460504870018763        4.460504870018764
  350        4.460504870018763        4.460504870018763
  351        4.460504870018764        4.460504870018763
  352        4.460504870018764        4.460504870018763
  353        4.460504870018764        4.460504870018764
  354        4.460504870018763        4.460504870018764
  355        4.460504870018764        4.460504870018764
  356        4.460504870018763        4.460504870018763
  357        4.460504870018764        4.460504870018763
  358        4.460504870018764        4.460504870018764
  359        4.460504870018764        4.460504870018764
  360        4.460504870018764        4.460504870018763
  361        4.460504870018764        4.460504870018764
  362        4.460504870018763        4.460504870018763
  363        4.460504870018764        4.460504870018764
  364        4.460504870018764        4.460504870018763
  365        4.460504870018764        4.460504870018763
  366        4.460504870018763        4.460504870018764
  367        4.460504870018763        4.460504870018763
  368        4.460504870018763        4.460504870018763
  369        4.460504870018763        4.460504870018763
  370        4.460504870018764        4.460504870018764
  371        4.460504870018764        4.460504870018763
  372        4.460504870018764        4.460504870018764
  373        4.460504870018764        4.460504870018765
  374        4.460504870018763        4.460504870018763
  375        4.460504870018763        4.460504870018763
  376        4.460504870018763        4.460504870018763
  377        4.460504870018763        4.460504870018764
  378        4.460504870018763        4.460504870018763
  379        4.460504870018763        4.460504870018763
  380        4.460504870018763        4.460504870018763
  381        4.460504870018763        4.460504870018764
  382        4.460504870018764        4.460504870018764
  383        4.460504870018764        4.460504870018763
  384        4.460504870018763        4.460504870018763
  385        4.460504870018763        4.460504870018764
  386        4.460504870018764        4.460504870018763
  387        4.460504870018764        4.460504870018764
  388        4.460504870018763        4.460504870018764
  389        4.460504870018763        4.460504870018763
  390        4.460504870018763        4.460504870018764
  391        4.460504870018764        4.460504870018763
  392        4.460504870018763        4.460504870018764
  393        4.460504870018764        4.460504870018763
  394        4.460504870018763        4.460504870018764
  395        4.460504870018764        4.460504870018763
  396        4.460504870018764        4.460504870018763
  397        4.460504870018763        4.460504870018764
  398        4.460504870018764        4.460504870018763
  399        4.460504870018763        4.460504870018764
  400        4.460504870018764        4.460504870018763
  401        4.460504870018763        4.460504870018764
  402        4.460504870018763        4.460504870018763
  403        4.460504870018763        4.460504870018765
  404        4.460504870018764        4.460504870018763
  405        4.460504870018763        4.460504870018764
  406        4.460504870018764        4.460504870018763
  407        4.460504870018763        4.460504870018763
  408        4.460504870018763        4.460504870018763
  409        4.460504870018763        4.460504870018763
  410        4.460504870018763        4.460504870018764
  411        4.460504870018764        4.460504870018763
  412        4.460504870018763        4.460504870018764
  413        4.460504870018764        4.460504870018763
  414        4.460504870018763        4.460504870018763
  415        4.460504870018764        4.460504870018764
  416        4.460504870018764        4.460504870018764
  417        4.460504870018763        4.460504870018763
  418        4.460504870018763        4.460504870018763
  419        4.460504870018764        4.460504870018764
  420        4.460504870018764        4.460504870018764
  421        4.460504870018764        4.460504870018763
  422        4.460504870018764        4.460504870018762
  423        4.460504870018763        4.460504870018764
  424        4.460504870018763        4.460504870018763
  425        4.460504870018763        4.460504870018764
  426        4.460504870018764        4.460504870018764
  427        4.460504870018763        4.460504870018762
  428        4.460504870018763        4.460504870018764
  429        4.460504870018763        4.460504870018764
  430        4.460504870018763        4.460504870018763
  431        4.460504870018763        4.460504870018763
  432        4.460504870018763        4.460504870018763
  433        4.460504870018763        4.460504870018764
  434        4.460504870018763        4.460504870018763
  435        4.460504870018763        4.460504870018763
  436        4.460504870018764        4.460504870018764
  437        4.460504870018764        4.460504870018763
  438        4.460504870018763        4.460504870018764
  439        4.460504870018763        4.460504870018764
  440        4.460504870018763        4.460504870018763
  441        4.460504870018764        4.460504870018763
  442        4.460504870018764        4.460504870018763
  443        4.460504870018763        4.460504870018764
  444        4.460504870018763        4.460504870018764
  445        4.460504870018764        4.460504870018763
  446        4.460504870018763        4.460504870018763
  447        4.460504870018763        4.460504870018764
  448        4.460504870018763        4.460504870018764
  449        4.460504870018763        4.460504870018764
  450        4.460504870018763        4.460504870018764
  451        4.460504870018763        4.460504870018764
  452        4.460504870018763        4.460504870018764
  453        4.460504870018763        4.460504870018764
  454        4.460504870018764        4.460504870018763
  455        4.460504870018763        4.460504870018763
  456        4.460504870018763        4.460504870018764
  457        4.460504870018763        4.460504870018763
  458        4.460504870018763        4.460504870018765
  459        4.460504870018764        4.460504870018763
  460        4.460504870018764        4.460504870018763
  461        4.460504870018764        4.460504870018763
  462        4.460504870018763        4.460504870018764
  463        4.460504870018764        4.460504870018764
  464        4.460504870018763        4.460504870018764
  465        4.460504870018763        4.460504870018763
  466        4.460504870018763        4.460504870018764
  467        4.460504870018764        4.460504870018764
  468        4.460504870018764        4.460504870018764
  469        4.460504870018763        4.460504870018762
  470        4.460504870018764        4.460504870018764
  471        4.460504870018763        4.460504870018763
  472        4.460504870018763        4.460504870018763
  473        4.460504870018764        4.460504870018764
  474        4.460504870018763        4.460504870018764
  475        4.460504870018763        4.460504870018764
  476        4.460504870018763        4.460504870018764
  477        4.460504870018763        4.460504870018764
  478        4.460504870018763        4.460504870018764
  479        4.460504870018763        4.460504870018764
  480        4.460504870018763        4.460504870018764
  481        4.460504870018763        4.460504870018764
  482        4.460504870018763        4.460504870018764
  483        4.460504870018763        4.460504870018764
  484        4.460504870018763        4.460504870018764
  485        4.460504870018763        4.460504870018764
  486        4.460504870018763        4.460504870018764
  487        4.460504870018763        4.460504870018764
  488        4.460504870018763        4.460504870018764
  489        4.460504870018763        4.460504870018764
  490        4.460504870018763        4.460504870018764
  491        4.460504870018763        4.460504870018764
  492        4.460504870018763        4.460504870018764
  493        4.460504870018763        4.460504870018764
  494        4.460504870018763        4.460504870018764
  495        4.460504870018763        4.460504870018764
  496        4.460504870018763        4.460504870018764
  497        4.460504870018763        4.460504870018764
  498        4.460504870018763        4.460504870018764
  499        4.460504870018763        4.460504870018764
  500        4.460504870018763        4.460504870018764
  501        4.460504870018763        4.460504870018764
  502        4.460504870018763        4.460504870018764
  503        4.460504870018763        4.460504870018764
  504        4.460504870018763        4.460504870018764
  505        4.460504870018763        4.460504870018764
  506        4.460504870018763        4.460504870018764
  507        4.460504870018763        4.460504870018764
  508        4.460504870018763        4.460504870018764
  509        4.460504870018763        4.460504870018764
  510        4.460504870018763        4.460504870018764
  511        4.460504870018763        4.460504870018764
  512        4.460504870018763        4.460504870018764
  513        4.460504870018763        4.460504870018764
  514        4.460504870018763        4.460504870018764
  515        4.460504870018763        4.460504870018764
  516        4.460504870018763        4.460504870018764
  517        4.460504870018763        4.460504870018764
  518        4.460504870018763        4.460504870018764
  519        4.460504870018763        4.460504870018764
  520        4.460504870018763        4.460504870018764
  521        4.460504870018763        4.460504870018764
  522        4.460504870018763        4.460504870018764
  523        4.460504870018763        4.460504870018764
  524        4.460504870018763        4.460504870018764
  525        4.460504870018763        4.460504870018764
  526        4.460504870018763        4.460504870018764
  527        4.460504870018763        4.460504870018764
  528        4.460504870018763        4.460504870018764
  529        4.460504870018763        4.460504870018764
  530        4.460504870018763        4.460504870018764
  531        4.460504870018763        4.460504870018764
  532        4.460504870018763        4.460504870018764
  533        4.460504870018763        4.460504870018764
  534        4.460504870018763        4.460504870018764
  535        4.460504870018763        4.460504870018764
  536        4.460504870018763        4.460504870018764
  537        4.460504870018763        4.460504870018764
  538        4.460504870018763        4.460504870018764
  539        4.460504870018763        4.460504870018764
  540        4.460504870018763        4.460504870018764
  541        4.460504870018763        4.460504870018764
  542        4.460504870018763        4.460504870018764
  543        4.460504870018763        4.460504870018764
  544        4.460504870018763        4.460504870018764
  545        4.460504870018763        4.460504870018764
  546        4.460504870018763        4.460504870018764
  547        4.460504870018763        4.460504870018764
  548        4.460504870018763        4.460504870018764
  549        4.460504870018763        4.460504870018764
  550        4.460504870018763        4.460504870018764
  551        4.460504870018763        4.460504870018764
  552        4.460504870018763        4.460504870018764
  553        4.460504870018763        4.460504870018764
  554        4.460504870018763        4.460504870018764
  555        4.460504870018763        4.460504870018764
  556        4.460504870018763        4.460504870018764
  557        4.460504870018763        4.460504870018764
  558        4.460504870018763        4.460504870018764
  559        4.460504870018763        4.460504870018764
  560        4.460504870018763        4.460504870018764
  561        4.460504870018763        4.460504870018764
  562        4.460504870018763        4.460504870018764
  563        4.460504870018763        4.460504870018764
  564        4.460504870018763        4.460504870018764
  565        4.460504870018763        4.460504870018764
  566        4.460504870018763        4.460504870018764
  567        4.460504870018763        4.460504870018764
  568        4.460504870018763        4.460504870018764
  569        4.460504870018763        4.460504870018764
  570        4.460504870018763        4.460504870018764
  571        4.460504870018763        4.460504870018764
  572        4.460504870018763        4.460504870018764
  573        4.460504870018763        4.460504870018764
  574        4.460504870018763        4.460504870018764
  575        4.460504870018763        4.460504870018764
  576        4.460504870018763        4.460504870018764
  577        4.460504870018763        4.460504870018764
  578        4.460504870018763        4.460504870018764
  579        4.460504870018763        4.460504870018764
  580        4.460504870018763        4.460504870018764
  581        4.460504870018763        4.460504870018764
  582        4.460504870018763        4.460504870018764
  583        4.460504870018763        4.460504870018764
  584        4.460504870018763        4.460504870018764
  585        4.460504870018763        4.460504870018764
  586        4.460504870018763        4.460504870018764
  587        4.460504870018763        4.460504870018764
  588        4.460504870018763        4.460504870018764
  589        4.460504870018763        4.460504870018764
  590        4.460504870018763        4.460504870018764
  591        4.460504870018763        4.460504870018764
  592        4.460504870018763        4.460504870018764
  593        4.460504870018763        4.460504870018764
  594        4.460504870018763        4.460504870018764
  595        4.460504870018763        4.460504870018764
  596        4.460504870018763        4.460504870018764
  597        4.460504870018763        4.460504870018764
  598        4.460504870018763        4.460504870018764
  599        4.460504870018763        4.460504870018764
  600        4.460504870018763        4.460504870018764
  601        4.460504870018763        4.460504870018764
  602        4.460504870018763        4.460504870018764
  603        4.460504870018763        4.460504870018764
  604        4.460504870018763        4.460504870018764
  605        4.460504870018763        4.460504870018764
  606        4.460504870018763        4.460504870018764
  607        4.460504870018763        4.460504870018764
  608        4.460504870018763        4.460504870018764
  609        4.460504870018763        4.460504870018764
  610        4.460504870018763        4.460504870018764
  611        4.460504870018763        4.460504870018764
  612        4.460504870018763        4.460504870018764
  613        4.460504870018763        4.460504870018764
  614        4.460504870018763        4.460504870018764
  615        4.460504870018763        4.460504870018764
  616        4.460504870018763        4.460504870018764
  617        4.460504870018763        4.460504870018764
  618        4.460504870018763        4.460504870018764
  619        4.460504870018763        4.460504870018764
  620        4.460504870018763        4.460504870018764
  621        4.460504870018763        4.460504870018764
  622        4.460504870018763        4.460504870018764
  623        4.460504870018763        4.460504870018764
  624        4.460504870018763        4.460504870018764
  625        4.460504870018763        4.460504870018764
  626        4.460504870018763        4.460504870018764
  627        4.460504870018763        4.460504870018764
  628        4.460504870018763        4.460504870018764
  629        4.460504870018763        4.460504870018764
  630        4.460504870018763        4.460504870018764
  631        4.460504870018763        4.460504870018764
  632        4.460504870018763        4.460504870018764
  633        4.460504870018763        4.460504870018764
  634        4.460504870018763        4.460504870018764
  635        4.460504870018763        4.460504870018764
  636        4.460504870018763        4.460504870018764
  637        4.460504870018763        4.460504870018764
  638        4.460504870018763        4.460504870018764
  639        4.460504870018763        4.460504870018764
  640        4.460504870018763        4.460504870018764
  641        4.460504870018763        4.460504870018764
  642        4.460504870018763        4.460504870018764
  643        4.460504870018763        4.460504870018764
  644        4.460504870018763        4.460504870018764
  645        4.460504870018763        4.460504870018764
  646        4.460504870018763        4.460504870018764
  647        4.460504870018763        4.460504870018764
  648        4.460504870018763        4.460504870018764
  649        4.460504870018763        4.460504870018764
  650        4.460504870018763        4.460504870018764
  651        4.460504870018763        4.460504870018764
  652        4.460504870018763        4.460504870018764
  653        4.460504870018763        4.460504870018764
  654        4.460504870018763        4.460504870018764
  655        4.460504870018763        4.460504870018764
  656        4.460504870018763        4.460504870018764
  657        4.460504870018763        4.460504870018764
  658        4.460504870018763        4.460504870018764
  659        4.460504870018763        4.460504870018764
  660        4.460504870018763        4.460504870018764
  661        4.460504870018763        4.460504870018764
  662        4.460504870018763        4.460504870018764
  663        4.460504870018763        4.460504870018764
  664        4.460504870018763        4.460504870018764
  665        4.460504870018763        4.460504870018764
  666        4.460504870018763        4.460504870018764
  667        4.460504870018763        4.460504870018764
  668        4.460504870018763        4.460504870018764
  669        4.460504870018763        4.460504870018764
  670        4.460504870018763        4.460504870018764
  671        4.460504870018763        4.460504870018764
  672        4.460504870018763        4.460504870018764
  673        4.460504870018763        4.460504870018764
  674        4.460504870018763        4.460504870018764
  675        4.460504870018763        4.460504870018764
  676        4.460504870018763        4.460504870018764
  677        4.460504870018763        4.460504870018764
  678        4.460504870018763        4.460504870018764
  679        4.460504870018763        4.460504870018764
  680        4.460504870018763        4.460504870018764
  681        4.460504870018763        4.460504870018764
  682        4.460504870018763        4.460504870018764
  683        4.460504870018763        4.460504870018764
  684        4.460504870018763        4.460504870018764
  685        4.460504870018763        4.460504870018764
  686        4.460504870018763        4.460504870018764
  687        4.460504870018763        4.460504870018764
  688        4.460504870018763        4.460504870018764
  689        4.460504870018763        4.460504870018764
  690        4.460504870018763        4.460504870018764
  691        4.460504870018763        4.460504870018764
  692        4.460504870018763        4.460504870018764
  693        4.460504870018763        4.460504870018764
  694        4.460504870018763        4.460504870018764
  695        4.460504870018763        4.460504870018764
  696        4.460504870018763        4.460504870018764
  697        4.460504870018763        4.460504870018764
  698        4.460504870018763        4.460504870018764
  699        4.460504870018763        4.460504870018764
  700        4.460504870018763        4.460504870018764
  701        4.460504870018763        4.460504870018764
  702        4.460504870018763        4.460504870018764
  703        4.460504870018763        4.460504870018764
  704        4.460504870018763        4.460504870018764
  705        4.460504870018763        4.460504870018764
  706        4.460504870018763        4.460504870018764
  707        4.460504870018763        4.460504870018764
  708        4.460504870018763        4.460504870018764
  709        4.460504870018763        4.460504870018764
  710        4.460504870018763        4.460504870018764
  711        4.460504870018763        4.460504870018764
  712        4.460504870018763        4.460504870018764
  713        4.460504870018763        4.460504870018764
  714        4.460504870018763        4.460504870018764
  715        4.460504870018763        4.460504870018764
  716        4.460504870018763        4.460504870018764
  717        4.460504870018763        4.460504870018764
  718        4.460504870018763        4.460504870018764
  719        4.460504870018763        4.460504870018764
  720        4.460504870018763        4.460504870018764
  721        4.460504870018763        4.460504870018764
  722        4.460504870018763        4.460504870018764
  723        4.460504870018763        4.460504870018764
  724        4.460504870018763        4.460504870018764
  725        4.460504870018763        4.460504870018764
  726        4.460504870018763        4.460504870018764
  727        4.460504870018763        4.460504870018764
  728        4.460504870018763        4.460504870018764
  729        4.460504870018763        4.460504870018764
  730        4.460504870018763        4.460504870018764
  731        4.460504870018763        4.460504870018764
  732        4.460504870018763        4.460504870018764
  733        4.460504870018763        4.460504870018764
  734        4.460504870018763        4.460504870018764
  735        4.460504870018763        4.460504870018764
  736        4.460504870018763        4.460504870018764
  737        4.460504870018763        4.460504870018764
  738        4.460504870018763        4.460504870018764
  739        4.460504870018763        4.460504870018764
  740        4.460504870018763        4.460504870018764
  741        4.460504870018763        4.460504870018764
  742        4.460504870018763        4.460504870018764
  743        4.460504870018763        4.460504870018764
  744        4.460504870018763        4.460504870018764
  745        4.460504870018763        4.460504870018764
  746        4.460504870018763        4.460504870018764
  747        4.460504870018763        4.460504870018764
  748        4.460504870018763        4.460504870018764
  749        4.460504870018763        4.460504870018764
  750        4.460504870018763        4.460504870018764
  751        4.460504870018763        4.460504870018764
  752        4.460504870018763        4.460504870018764
  753        4.460504870018763        4.460504870018764
  754        4.460504870018763        4.460504870018764
  755        4.460504870018763        4.460504870018764
  756        4.460504870018763        4.460504870018764
  757        4.460504870018763        4.460504870018764
  758        4.460504870018763        4.460504870018764
  759        4.460504870018763        4.460504870018764
  760        4.460504870018763        4.460504870018764
  761        4.460504870018763        4.460504870018764
  762        4.460504870018763        4.460504870018764
  763        4.460504870018763        4.460504870018764
  764        4.460504870018763        4.460504870018764
  765        4.460504870018763        4.460504870018764
  766        4.460504870018763        4.460504870018764
  767        4.460504870018763        4.460504870018764
  768        4.460504870018763        4.460504870018764
  769        4.460504870018763        4.460504870018764
  770        4.460504870018763        4.460504870018764
  771        4.460504870018763        4.460504870018764
  772        4.460504870018763        4.460504870018764
  773        4.460504870018763        4.460504870018764
  774        4.460504870018763        4.460504870018764
  775        4.460504870018763        4.460504870018764
  776        4.460504870018763        4.460504870018764
  777        4.460504870018763        4.460504870018764
  778        4.460504870018763        4.460504870018764
  779        4.460504870018763        4.460504870018764
  780        4.460504870018763        4.460504870018764
  781        4.460504870018763        4.460504870018764
  782        4.460504870018763        4.460504870018764
  783        4.460504870018763        4.460504870018764
  784        4.460504870018763        4.460504870018764
  785        4.460504870018763        4.460504870018764
  786        4.460504870018763        4.460504870018764
  787        4.460504870018763        4.460504870018764
  788        4.460504870018763        4.460504870018764
  789        4.460504870018763        4.460504870018764
  790        4.460504870018763        4.460504870018764
  791        4.460504870018763        4.460504870018764
  792        4.460504870018763        4.460504870018764
  793        4.460504870018763        4.460504870018764
  794        4.460504870018763        4.460504870018764
  795        4.460504870018763        4.460504870018764
  796        4.460504870018763        4.460504870018764
  797        4.460504870018763        4.460504870018764
  798        4.460504870018763        4.460504870018764
  799        4.460504870018763        4.460504870018764
  800        4.460504870018763        4.460504870018764
  801        4.460504870018763        4.460504870018764
  802        4.460504870018763        4.460504870018764
  803        4.460504870018763        4.460504870018764
  804        4.460504870018763        4.460504870018764
  805        4.460504870018763        4.460504870018764
  806        4.460504870018763        4.460504870018764
  807        4.460504870018763        4.460504870018764
  808        4.460504870018763        4.460504870018764
  809        4.460504870018763        4.460504870018764
  810        4.460504870018763        4.460504870018764
  811        4.460504870018763        4.460504870018764
  812        4.460504870018763        4.460504870018764
  813        4.460504870018763        4.460504870018764
  814        4.460504870018763        4.460504870018764
  815        4.460504870018763        4.460504870018764
  816        4.460504870018763        4.460504870018764
  817        4.460504870018763        4.460504870018764
  818        4.460504870018763        4.460504870018764
  819        4.460504870018763        4.460504870018764
  820        4.460504870018763        4.460504870018764
  821        4.460504870018763        4.460504870018764
  822        4.460504870018763        4.460504870018764
  823        4.460504870018763        4.460504870018764
  824        4.460504870018763        4.460504870018764
  825        4.460504870018763        4.460504870018764
  826        4.460504870018763        4.460504870018764
  827        4.460504870018763        4.460504870018764
  828        4.460504870018763        4.460504870018764
  829        4.460504870018763        4.460504870018764
  830        4.460504870018763        4.460504870018764
  831        4.460504870018763        4.460504870018764
  832        4.460504870018763        4.460504870018764
  833        4.460504870018763        4.460504870018764
  834        4.460504870018763        4.460504870018764
  835        4.460504870018763        4.460504870018764
  836        4.460504870018763        4.460504870018764
  837        4.460504870018763        4.460504870018764
  838        4.460504870018763        4.460504870018764
  839        4.460504870018763        4.460504870018764
  840        4.460504870018763        4.460504870018764
  841        4.460504870018763        4.460504870018764
  842        4.460504870018763        4.460504870018764
  843        4.460504870018763        4.460504870018764
  844        4.460504870018763        4.460504870018764
  845        4.460504870018763        4.460504870018764
  846        4.460504870018763        4.460504870018764
  847        4.460504870018763        4.460504870018764
  848        4.460504870018763        4.460504870018764
  849        4.460504870018763        4.460504870018764
  850        4.460504870018763        4.460504870018764
  851        4.460504870018763        4.460504870018764
  852        4.460504870018763        4.460504870018764
  853        4.460504870018763        4.460504870018764
  854        4.460504870018763        4.460504870018764
  855        4.460504870018763        4.460504870018764
  856        4.460504870018763        4.460504870018764
  857        4.460504870018763        4.460504870018764
  858        4.460504870018763        4.460504870018764
  859        4.460504870018763        4.460504870018764
  860        4.460504870018763        4.460504870018764
  861        4.460504870018763        4.460504870018764
  862        4.460504870018763        4.460504870018764
  863        4.460504870018763        4.460504870018764
  864        4.460504870018763        4.460504870018764
  865        4.460504870018763        4.460504870018764
  866        4.460504870018763        4.460504870018764
  867        4.460504870018763        4.460504870018764
  868        4.460504870018763        4.460504870018764
  869        4.460504870018763        4.460504870018764
  870        4.460504870018763        4.460504870018764
  871        4.460504870018763        4.460504870018764
  872        4.460504870018763        4.460504870018764
  873        4.460504870018763        4.460504870018764
  874        4.460504870018763        4.460504870018764
  875        4.460504870018763        4.460504870018764
  876        4.460504870018763        4.460504870018764
  877        4.460504870018763        4.460504870018764
  878        4.460504870018763        4.460504870018764
  879        4.460504870018763        4.460504870018764
  880        4.460504870018763        4.460504870018764
  881        4.460504870018763        4.460504870018764
  882        4.460504870018763        4.460504870018764
  883        4.460504870018763        4.460504870018764
  884        4.460504870018763        4.460504870018764
  885        4.460504870018763        4.460504870018764
  886        4.460504870018763        4.460504870018764
  887        4.460504870018763        4.460504870018764
  888        4.460504870018763        4.460504870018764
  889        4.460504870018763        4.460504870018764
  890        4.460504870018763        4.460504870018764
  891        4.460504870018763        4.460504870018764
  892        4.460504870018763        4.460504870018764
  893        4.460504870018763        4.460504870018764
  894        4.460504870018763        4.460504870018764
  895        4.460504870018763        4.460504870018764
  896        4.460504870018763        4.460504870018764
  897        4.460504870018763        4.460504870018764
  898        4.460504870018763        4.460504870018764
  899        4.460504870018763        4.460504870018764
  900        4.460504870018763        4.460504870018764
  901        4.460504870018763        4.460504870018764
  902        4.460504870018763        4.460504870018764
  903        4.460504870018763        4.460504870018764
  904        4.460504870018763        4.460504870018764
  905        4.460504870018763        4.460504870018764
  906        4.460504870018763        4.460504870018764
  907        4.460504870018763        4.460504870018764
  908        4.460504870018763        4.460504870018764
  909        4.460504870018763        4.460504870018764
  910        4.460504870018763        4.460504870018764
  911        4.460504870018763        4.460504870018764
  912        4.460504870018763        4.460504870018764
  913        4.460504870018763        4.460504870018764
  914        4.460504870018763        4.460504870018764
  915        4.460504870018763        4.460504870018764
  916        4.460504870018763        4.460504870018764
  917        4.460504870018763        4.460504870018764
  918        4.460504870018763        4.460504870018764
  919        4.460504870018763        4.460504870018764
  920        4.460504870018763        4.460504870018764
  921        4.460504870018763        4.460504870018764
  922        4.460504870018763        4.460504870018764
  923        4.460504870018763        4.460504870018764
  924        4.460504870018763        4.460504870018764
  925        4.460504870018763        4.460504870018764
  926        4.460504870018763        4.460504870018764
  927        4.460504870018763        4.460504870018764
  928        4.460504870018763        4.460504870018764
  929        4.460504870018763        4.460504870018764
  930        4.460504870018763        4.460504870018764
  931        4.460504870018763        4.460504870018764
  932        4.460504870018763        4.460504870018764
  933        4.460504870018763        4.460504870018764
  934        4.460504870018763        4.460504870018764
  935        4.460504870018763        4.460504870018764
  936        4.460504870018763        4.460504870018764
  937        4.460504870018763        4.460504870018764
  938        4.460504870018763        4.460504870018764
  939        4.460504870018763        4.460504870018764
  940        4.460504870018763        4.460504870018764
  941        4.460504870018763        4.460504870018764
  942        4.460504870018763        4.460504870018764
  943        4.460504870018763        4.460504870018764
  944        4.460504870018763        4.460504870018764
  945        4.460504870018763        4.460504870018764
  946        4.460504870018763        4.460504870018764
  947        4.460504870018763        4.460504870018764
  948        4.460504870018763        4.460504870018764
  949        4.460504870018763        4.460504870018764
  950        4.460504870018763        4.460504870018764
  951        4.460504870018763        4.460504870018764
  952        4.460504870018763        4.460504870018764
  953        4.460504870018763        4.460504870018764
  954        4.460504870018763        4.460504870018764
  955        4.460504870018763        4.460504870018764
  956        4.460504870018763        4.460504870018764
  957        4.460504870018763        4.460504870018764
  958        4.460504870018763        4.460504870018764
  959        4.460504870018763        4.460504870018764
  960        4.460504870018763        4.460504870018764
  961        4.460504870018763        4.460504870018764
  962        4.460504870018763        4.460504870018764
  963        4.460504870018763        4.460504870018764
  964        4.460504870018763        4.460504870018764
  965        4.460504870018763        4.460504870018764
  966        4.460504870018763        4.460504870018764
  967        4.460504870018763        4.460504870018764
  968        4.460504870018763        4.460504870018764
  969        4.460504870018763        4.460504870018764
  970        4.460504870018763        4.460504870018764
  971        4.460504870018763        4.460504870018764
  972        4.460504870018763        4.460504870018764
  973        4.460504870018763        4.460504870018764
  974        4.460504870018763        4.460504870018764
  975        4.460504870018763        4.460504870018764
  976        4.460504870018763        4.460504870018764
  977        4.460504870018763        4.460504870018764
  978        4.460504870018763        4.460504870018764
  979        4.460504870018763        4.460504870018764
  980        4.460504870018763        4.460504870018764
  981        4.460504870018763        4.460504870018764
  982        4.460504870018763        4.460504870018764
  983        4.460504870018763        4.460504870018764
  984        4.460504870018763        4.460504870018764
  985        4.460504870018763        4.460504870018764
  986        4.460504870018763        4.460504870018764
  987        4.460504870018763        4.460504870018764
  988        4.460504870018763        4.460504870018764
  989        4.460504870018763        4.460504870018764
  990        4.460504870018763        4.460504870018764
  991        4.460504870018763        4.460504870018764
  992        4.460504870018763        4.460504870018764
  993        4.460504870018763        4.460504870018764
  994        4.460504870018763        4.460504870018764
  995        4.460504870018763        4.460504870018764
  996        4.460504870018763        4.460504870018764
  997        4.460504870018763        4.460504870018764
  998        4.460504870018763        4.460504870018764
  999        4.460504870018763        4.460504870018764
 1000        4.460504870018763        4.460504870018764
