# iterazione   metodo_sqrt              metodo_rapporto
    1      236.000000000000000      286.254237288135585
    2      259.915370842126208      232.201077624489301
    3      250.327974875101432      253.232928333117428
    4      251.051074077278315      250.028893515702975
    5      250.846304196087402      250.998389525487994
    6      250.871645350050017      250.829159595674554
    7      250.865575516007056      250.873164445869975
    8      250.866524119685465      250.864640731039060
    9      250.866314853581997      250.866684653151481
   10      250.866351833514557      250.866265495740748
   11      250.866343984624763      250.866361802654922
   12      250.866345469460441      250.866341439345405
   13      250.866345159451754      250.866346013523440
   14      250.866345220456708      250.866345030438396
   15      250.866345207788896      250.866345248635810
   16      250.866345210341819      250.866345201331086
   17      250.866345209811783      250.866345211763758
   18      250.866345209920155      250.866345209491527
   19      250.866345209897588      250.866345209990925
   20      250.866345209902420      250.866345209881899
   21      250.866345209901283      250.866345209905830
   22      250.866345209901596      250.866345209900572
   23      250.866345209901482      250.866345209901681
   24      250.866345209901453      250.866345209901482
   25      250.866345209901539      250.866345209901539
   26      250.866345209901596      250.866345209901539
   27      250.866345209901453      250.866345209901539
   28      250.866345209901453      250.866345209901482
   29      250.866345209901510      250.866345209901567
   30      250.866345209901510      250.866345209901482
   31      250.866345209901482      250.866345209901539
   32      250.866345209901539      250.866345209901567
   33      250.866345209901567      250.866345209901510
   34      250.866345209901510      250.866345209901510
   35      250.866345209901482      250.866345209901539
   36      250.866345209901453      250.866345209901510
   37      250.866345209901596      250.866345209901596
   38      250.866345209901453      250.866345209901510
   39      250.866345209901482      250.866345209901482
   40      250.866345209901596      250.866345209901539
   41      250.866345209901567      250.866345209901567
   42      250.866345209901453      250.866345209901510
   43      250.866345209901510      250.866345209901510
   44      250.866345209901567      250.866345209901510
   45      250.866345209901567      250.866345209901539
   46      250.866345209901482      250.866345209901482
   47      250.866345209901482      250.866345209901539
   48      250.866345209901453      250.866345209901539
   49      250.866345209901425      250.866345209901510
   50      250.866345209901567      250.866345209901539
   51      250.866345209901510      250.866345209901510
   52      250.866345209901596      250.866345209901539
   53      250.866345209901482      250.866345209901539
   54      250.866345209901453      250.866345209901539
   55      250.866345209901453      250.866345209901510
   56      250.866345209901453      250.866345209901539
   57      250.866345209901453      250.866345209901510
   58      250.866345209901510      250.866345209901567
   59      250.866345209901510      250.866345209901482
   60      250.866345209901510      250.866345209901567
   61      250.866345209901596      250.866345209901453
   62      250.866345209901482      250.866345209901510
   63      250.866345209901453      250.866345209901596
   64      250.866345209901539      250.866345209901539
   65      250.866345209901596      250.866345209901482
   66      250.866345209901567      250.866345209901510
   67      250.866345209901510      250.866345209901539
   68      250.866345209901510      250.866345209901567
   69      250.866345209901539      250.866345209901539
   70      250.866345209901482      250.866345209901510
   71      250.866345209901567      250.866345209901510
   72      250.866345209901453      250.866345209901539
   73      250.866345209901453      250.866345209901539
   74      250.866345209901596      250.866345209901539
   75      250.866345209901624      250.866345209901510
   76      250.866345209901453      250.866345209901482
   77      250.866345209901624      250.866345209901567
   78      250.866345209901482      250.866345209901482
   79      250.866345209901510      250.866345209901539
   80      250.866345209901596      250.866345209901539
   81      250.866345209901453      250.866345209901482
   82      250.866345209901567      250.866345209901539
   83      250.866345209901596      250.866345209901539
   84      250.866345209901453      250.866345209901539
   85      250.866345209901510      250.866345209901482
   86      250.866345209901510      250.866345209901510
   87      250.866345209901510      250.866345209901539
   88      250.866345209901567      250.866345209901567
   89      250.866345209901482      250.866345209901453
   90      250.866345209901567      250.866345209901567
   91      250.866345209901624      250.866345209901510
   92      250.866345209901482      250.866345209901539
   93      250.866345209901624      250.866345209901482
   94      250.866345209901482      250.866345209901510
   95      250.866345209901482      250.866345209901539
   96      250.866345209901453      250.866345209901539
   97      250.866345209901510      250.866345209901510
   98      250.866345209901425      250.866345209901510
   99      250.866345209901652      250.866345209901539
  100      250.866345209901567      250.866345209901567
  101      250.866345209901539      250.866345209901482
  102      250.866345209901510      250.866345209901539
  103      250.866345209901397      250.866345209901539
  104      250.866345209901596      250.866345209901510
  105      250.866345209901652      250.866345209901539
  106      250.866345209901482      250.866345209901510
  107      250.866345209901425      250.866345209901539
  108      250.866345209901453      250.866345209901539
  109      250.866345209901596      250.866345209901539
  110      250.866345209901453      250.866345209901510
  111      250.866345209901510      250.866345209901482
  112      250.866345209901453      250.866345209901567
  113      250.866345209901510      250.866345209901510
  114      250.866345209901453      250.866345209901539
  115      250.866345209901539      250.866345209901482
  116      250.866345209901510      250.866345209901482
  117      250.866345209901652      250.866345209901510
  118      250.866345209901510      250.866345209901539
  119      250.866345209901453      250.866345209901567
  120      250.866345209901510      250.866345209901539
  121      250.866345209901567      250.866345209901482
  122      250.866345209901596      250.866345209901539
  123      250.866345209901681      250.866345209901510
  124      250.866345209901482      250.866345209901539
  125      250.866345209901567      250.866345209901539
  126      250.866345209901453      250.866345209901539
  127      250.866345209901510      250.866345209901482
  128      250.866345209901539      250.866345209901482
  129      250.866345209901539      250.866345209901482
  130      250.866345209901539      250.866345209901482
  131      250.866345209901539      250.866345209901482
  132      250.866345209901539      250.866345209901482
  133      250.866345209901539      250.866345209901482
  134      250.866345209901539      250.866345209901482
  135      250.866345209901539      250.866345209901482
  136      250.866345209901539      250.866345209901482
  137      250.866345209901539      250.866345209901482
  138      250.866345209901539      250.866345209901482
  139      250.866345209901539      250.866345209901482
  140      250.866345209901539      250.866345209901482
  141      250.866345209901539      250.866345209901482
  142      250.866345209901539      250.866345209901482
  143      250.866345209901539      250.866345209901482
  144      250.866345209901539      250.866345209901482
  145      250.866345209901539      250.866345209901482
  146      250.866345209901539      250.866345209901482
  147      250.866345209901539      250.866345209901482
  148      250.866345209901539      250.866345209901482
  149      250.866345209901539      250.866345209901482
  150      250.866345209901539      250.866345209901482
  151      250.866345209901539      250.866345209901482
  152      250.866345209901539      250.866345209901482
  153      250.866345209901539      250.866345209901482
  154      250.866345209901539      250.866345209901482
  155      250.866345209901539      250.866345209901482
  156      250.866345209901539      250.866345209901482
  157      250.866345209901539      250.866345209901482
  158      250.866345209901539      250.866345209901482
  159      250.866345209901539      250.866345209901482
  160      250.866345209901539      250.866345209901482
  161      250.866345209901539      250.866345209901482
  162      250.866345209901539      250.866345209901482
  163      250.866345209901539      250.866345209901482
  164      250.866345209901539      250.866345209901482
  165      250.866345209901539      250.866345209901482
  166      250.866345209901539      250.866345209901482
  167      250.866345209901539      250.866345209901482
  168      250.866345209901539      250.866345209901482
  169      250.866345209901539      250.866345209901482
  170      250.866345209901539      250.866345209901482
  171      250.866345209901539      250.866345209901482
  172      250.866345209901539      250.866345209901482
  173      250.866345209901539      250.866345209901482
  174      250.866345209901539      250.866345209901482
  175      250.866345209901539      250.866345209901482
  176      250.866345209901539      250.866345209901482
  177      250.866345209901539      250.866345209901482
  178      250.866345209901539      250.866345209901482
  179      250.866345209901539      250.866345209901482
  180      250.866345209901539      250.866345209901482
  181      250.866345209901539      250.866345209901482
  182      250.866345209901539      250.866345209901482
  183      250.866345209901539      250.866345209901482
  184      250.866345209901539      250.866345209901482
  185      250.866345209901539      250.866345209901482
  186      250.866345209901539      250.866345209901482
  187      250.866345209901539      250.866345209901482
  188      250.866345209901539      250.866345209901482
  189      250.866345209901539      250.866345209901482
  190      250.866345209901539      250.866345209901482
  191      250.866345209901539      250.866345209901482
  192      250.866345209901539      250.866345209901482
  193      250.866345209901539      250.866345209901482
  194      250.866345209901539      250.866345209901482
  195      250.866345209901539      250.866345209901482
  196      250.866345209901539      250.866345209901482
  197      250.866345209901539      250.866345209901482
  198      250.866345209901539      250.866345209901482
  199      250.866345209901539      250.866345209901482
  200      250.866345209901539      250.866345209901482
  201      250.866345209901539      250.866345209901482
  202      250.866345209901539      250.866345209901482
  203      250.866345209901539      250.866345209901482
  204      250.866345209901539      250.866345209901482
  205      250.866345209901539      250.866345209901482
  206      250.866345209901539      250.866345209901482
  207      250.866345209901539      250.866345209901482
  208      250.866345209901539      250.866345209901482
  209      250.866345209901539      250.866345209901482
  210      250.866345209901539      250.866345209901482
  211      250.866345209901539      250.866345209901482
  212      250.866345209901539      250.866345209901482
  213      250.866345209901539      250.866345209901482
  214      250.866345209901539      250.866345209901482
  215      250.866345209901539      250.866345209901482
  216      250.866345209901539      250.866345209901482
  217      250.866345209901539      250.866345209901482
  218      250.866345209901539      250.866345209901482
  219      250.866345209901539      250.866345209901482
  220      250.866345209901539      250.866345209901482
  221      250.866345209901539      250.866345209901482
  222      250.866345209901539      250.866345209901482
  223      250.866345209901539      250.866345209901482
  224      250.866345209901539      250.866345209901482
  225      250.866345209901539      250.866345209901482
  226      250.866345209901539      250.866345209901482
  227      250.866345209901539      250.866345209901482
  228      250.866345209901539      250.866345209901482
  229      250.866345209901539      250.866345209901482
  230      250.866345209901539      250.866345209901482
  231      250.866345209901539      250.866345209901482
  232      250.866345209901539      250.866345209901482
  233      250.866345209901539      250.866345209901482
  234      250.866345209901539      250.866345209901482
  235      250.866345209901539      250.866345209901482
  236      250.866345209901539      250.866345209901482
  237      250.866345209901539      250.866345209901482
  238      250.866345209901539      250.866345209901482
  239      250.866345209901539      250.866345209901482
  240      250.866345209901539      250.866345209901482
  241      250.866345209901539      250.866345209901482
  242      250.866345209901539      250.866345209901482
  243      250.866345209901539      250.866345209901482
  244      250.866345209901539      250.866345209901482
  245      250.866345209901539      250.866345209901482
  246      250.866345209901539      250.866345209901482
  247      250.866345209901539      250.866345209901482
  248      250.866345209901539      250.866345209901482
  249      250.866345209901539      250.866345209901482
  250      250.866345209901539      250.866345209901482
  251      250.866345209901539      250.866345209901482
  252      250.866345209901539      250.866345209901482
  253      250.866345209901539      250.866345209901482
  254      250.866345209901539      250.866345209901482
  255      250.866345209901539      250.866345209901482
  256      250.866345209901539      250.866345209901482
  257      250.866345209901539      250.866345209901482
  258      250.866345209901539      250.866345209901482
  259      250.866345209901539      250.866345209901482
  260      250.866345209901539      250.866345209901482
  261      250.866345209901539      250.866345209901482
  262      250.866345209901539      250.866345209901482
  263      250.866345209901539      250.866345209901482
  264      250.866345209901539      250.866345209901482
  265      250.866345209901539      250.866345209901482
  266      250.866345209901539      250.866345209901482
  267      250.866345209901539      250.866345209901482
  268      250.866345209901539      250.866345209901482
  269      250.866345209901539      250.866345209901482
  270      250.866345209901539      250.866345209901482
  271      250.866345209901539      250.866345209901482
  272      250.866345209901539      250.866345209901482
  273      250.866345209901539      250.866345209901482
  274      250.866345209901539      250.866345209901482
  275      250.866345209901539      250.866345209901482
  276      250.866345209901539      250.866345209901482
  277      250.866345209901539      250.866345209901482
  278      250.866345209901539      250.866345209901482
  279      250.866345209901539      250.866345209901482
  280      250.866345209901539      250.866345209901482
  281      250.866345209901539      250.866345209901482
  282      250.866345209901539      250.866345209901482
  283      250.866345209901539      250.866345209901482
  284      250.866345209901539      250.866345209901482
  285      250.866345209901539      250.866345209901482
  286      250.866345209901539      250.866345209901482
  287      250.866345209901539      250.866345209901482
  288      250.866345209901539      250.866345209901482
  289      250.866345209901539      250.866345209901482
  290      250.866345209901539      250.866345209901482
  291      250.866345209901539      250.866345209901482
  292      250.866345209901539      250.866345209901482
  293      250.866345209901539      250.866345209901482
  294      250.866345209901539      250.866345209901482
  295      250.866345209901539      250.866345209901482
  296      250.866345209901539      250.866345209901482
  297      250.866345209901539      250.866345209901482
  298      250.866345209901539      250.866345209901482
  299      250.866345209901539      250.866345209901482
  300      250.866345209901539      250.866345209901482
  301      250.866345209901539      250.866345209901482
  302      250.866345209901539      250.866345209901482
  303      250.866345209901539      250.866345209901482
  304      250.866345209901539      250.866345209901482
  305      250.866345209901539      250.866345209901482
  306      250.866345209901539      250.866345209901482
  307      250.866345209901539      250.866345209901482
  308      250.866345209901539      250.866345209901482
  309      250.866345209901539      250.866345209901482
  310      250.866345209901539      250.866345209901482
  311      250.866345209901539      250.866345209901482
  312      250.866345209901539      250.866345209901482
  313      250.866345209901539      250.866345209901482
  314      250.866345209901539      250.866345209901482
  315      250.866345209901539      250.866345209901482
  316      250.866345209901539      250.866345209901482
  317      250.866345209901539      250.866345209901482
  318      250.866345209901539      250.866345209901482
  319      250.866345209901539      250.866345209901482
  320      250.866345209901539      250.866345209901482
  321      250.866345209901539      250.866345209901482
  322      250.866345209901539      250.866345209901482
  323      250.866345209901539      250.866345209901482
  324      250.866345209901539      250.866345209901482
  325      250.866345209901539      250.866345209901482
  326      250.866345209901539      250.866345209901482
  327      250.866345209901539      250.866345209901482
  328      250.866345209901539      250.866345209901482
  329      250.866345209901539      250.866345209901482
  330      250.866345209901539      250.866345209901482
  331      250.866345209901539      250.866345209901482
  332      250.866345209901539      250.866345209901482
  333      250.866345209901539      250.866345209901482
  334      250.866345209901539      250.866345209901482
  335      250.866345209901539      250.866345209901482
  336      250.866345209901539      250.866345209901482
  337      250.866345209901539      250.866345209901482
  338      250.866345209901539      250.866345209901482
  339      250.866345209901539      250.866345209901482
  340      250.866345209901539      250.866345209901482
  341      250.866345209901539      250.866345209901482
  342      250.866345209901539      250.866345209901482
  343      250.866345209901539      250.866345209901482
  344      250.866345209901539      250.866345209901482
  345      250.866345209901539      250.866345209901482
  346      250.866345209901539      250.866345209901482
  347      250.866345209901539      250.866345209901482
  348      250.866345209901539      250.866345209901482
  349      250.866345209901539      250.866345209901482
  350      250.866345209901539      250.866345209901482
  351      250.866345209901539      250.866345209901482
  352      250.866345209901539      250.866345209901482
  353      250.866345209901539      250.866345209901482
  354      250.866345209901539      250.866345209901482
  355      250.866345209901539      250.866345209901482
  356      250.866345209901539      250.866345209901482
  357      250.866345209901539      250.866345209901482
  358      250.866345209901539      250.866345209901482
  359      250.866345209901539      250.866345209901482
  360      250.866345209901539      250.866345209901482
  361      250.866345209901539      250.866345209901482
  362      250.866345209901539      250.866345209901482
  363      250.866345209901539      250.866345209901482
  364      250.866345209901539      250.866345209901482
  365      250.866345209901539      250.866345209901482
  366      250.866345209901539      250.866345209901482
  367      250.866345209901539      250.866345209901482
  368      250.866345209901539      250.866345209901482
  369      250.866345209901539      250.866345209901482
  370      250.866345209901539      250.866345209901482
  371      250.866345209901539      250.866345209901482
  372      250.866345209901539      250.866345209901482
  373      250.866345209901539      250.866345209901482
  374      250.866345209901539      250.866345209901482
  375      250.866345209901539      250.866345209901482
  376      250.866345209901539      250.866345209901482
  377      250.866345209901539      250.866345209901482
  378      250.866345209901539      250.866345209901482
  379      250.866345209901539      250.866345209901482
  380      250.866345209901539      250.866345209901482
  381      250.866345209901539      250.866345209901482
  382      250.866345209901539      250.866345209901482
  383      250.866345209901539      250.866345209901482
  384      250.866345209901539      250.866345209901482
  385      250.866345209901539      250.866345209901482
  386      250.866345209901539      250.866345209901482
  387      250.866345209901539      250.866345209901482
  388      250.866345209901539      250.866345209901482
  389      250.866345209901539      250.866345209901482
  390      250.866345209901539      250.866345209901482
  391      250.866345209901539      250.866345209901482
  392      250.866345209901539      250.866345209901482
  393      250.866345209901539      250.866345209901482
  394      250.866345209901539      250.866345209901482
  395      250.866345209901539      250.866345209901482
  396      250.866345209901539      250.866345209901482
  397      250.866345209901539      250.866345209901482
  398      250.866345209901539      250.866345209901482
  399      250.866345209901539      250.866345209901482
  400      250.866345209901539      250.866345209901482
  401      250.866345209901539      250.866345209901482
  402      250.866345209901539      250.866345209901482
  403      250.866345209901539      250.866345209901482
  404      250.866345209901539      250.866345209901482
  405      250.866345209901539      250.866345209901482
  406      250.866345209901539      250.866345209901482
  407      250.866345209901539      250.866345209901482
  408      250.866345209901539      250.866345209901482
  409      250.866345209901539      250.866345209901482
  410      250.866345209901539      250.866345209901482
  411      250.866345209901539      250.866345209901482
  412      250.866345209901539      250.866345209901482
  413      250.866345209901539      250.866345209901482
  414      250.866345209901539      250.866345209901482
  415      250.866345209901539      250.866345209901482
  416      250.866345209901539      250.866345209901482
  417      250.866345209901539      250.866345209901482
  418      250.866345209901539      250.866345209901482
  419      250.866345209901539      250.866345209901482
  420      250.866345209901539      250.866345209901482
  421      250.866345209901539      250.866345209901482
  422      250.866345209901539      250.866345209901482
  423      250.866345209901539      250.866345209901482
  424      250.866345209901539      250.866345209901482
  425      250.866345209901539      250.866345209901482
  426      250.866345209901539      250.866345209901482
  427      250.866345209901539      250.866345209901482
  428      250.866345209901539      250.866345209901482
  429      250.866345209901539      250.866345209901482
  430      250.866345209901539      250.866345209901482
  431      250.866345209901539      250.866345209901482
  432      250.866345209901539      250.866345209901482
  433      250.866345209901539      250.866345209901482
  434      250.866345209901539      250.866345209901482
  435      250.866345209901539      250.866345209901482
  436      250.866345209901539      250.866345209901482
  437      250.866345209901539      250.866345209901482
  438      250.866345209901539      250.866345209901482
  439      250.866345209901539      250.866345209901482
  440      250.866345209901539      250.866345209901482
  441      250.866345209901539      250.866345209901482
  442      250.866345209901539      250.866345209901482
  443      250.866345209901539      250.866345209901482
  444      250.866345209901539      250.866345209901482
  445      250.866345209901539      250.866345209901482
  446      250.866345209901539      250.866345209901482
  447      250.866345209901539      250.866345209901482
  448      250.866345209901539      250.866345209901482
  449      250.866345209901539      250.866345209901482
  450      250.866345209901539      250.866345209901482
  451      250.866345209901539      250.866345209901482
  452      250.866345209901539      250.866345209901482
  453      250.866345209901539      250.866345209901482
  454      250.866345209901539      250.866345209901482
  455      250.866345209901539      250.866345209901482
  456      250.866345209901539      250.866345209901482
  457      250.866345209901539      250.866345209901482
  458      250.866345209901539      250.866345209901482
  459      250.866345209901539      250.866345209901482
  460      250.866345209901539      250.866345209901482
  461      250.866345209901539      250.866345209901482
  462      250.866345209901539      250.866345209901482
  463      250.866345209901539      250.866345209901482
  464      250.866345209901539      250.866345209901482
  465      250.866345209901539      250.866345209901482
  466      250.866345209901539      250.866345209901482
  467      250.866345209901539      250.866345209901482
  468      250.866345209901539      250.866345209901482
  469      250.866345209901539      250.866345209901482
  470      250.866345209901539      250.866345209901482
  471      250.866345209901539      250.866345209901482
  472      250.866345209901539      250.866345209901482
  473      250.866345209901539      250.866345209901482
  474      250.866345209901539      250.866345209901482
  475      250.866345209901539      250.866345209901482
  476      250.866345209901539      250.866345209901482
  477      250.866345209901539      250.866345209901482
  478      250.866345209901539      250.866345209901482
  479      250.866345209901539      250.866345209901482
  480      250.866345209901539      250.866345209901482
  481      250.866345209901539      250.866345209901482
  482      250.866345209901539      250.866345209901482
  483      250.866345209901539      250.866345209901482
  484      250.866345209901539      250.866345209901482
  485      250.866345209901539      250.866345209901482
  486      250.866345209901539      250.866345209901482
  487      250.866345209901539      250.866345209901482
  488      250.866345209901539      250.866345209901482
  489      250.866345209901539      250.866345209901482
  490      250.866345209901539      250.866345209901482
  491      250.866345209901539      250.866345209901482
  492      250.866345209901539      250.866345209901482
  493      250.866345209901539      250.866345209901482
  494      250.866345209901539      250.866345209901482
  495      250.866345209901539      250.866345209901482
  496      250.866345209901539      250.866345209901482
  497      250.866345209901539      250.866345209901482
  498      250.866345209901539      250.866345209901482
  499      250.866345209901539      250.866345209901482
  500      250.866345209901539      250.866345209901482
  501      250.866345209901539      250.866345209901482
  502      250.866345209901539      250.866345209901482
  503      250.866345209901539      250.866345209901482
  504      250.866345209901539      250.866345209901482
  505      250.866345209901539      250.866345209901482
  506      250.866345209901539      250.866345209901482
  507      250.866345209901539      250.866345209901482
  508      250.866345209901539      250.866345209901482
  509      250.866345209901539      250.866345209901482
  510      250.866345209901539      250.866345209901482
  511      250.866345209901539      250.866345209901482
  512      250.866345209901539      250.866345209901482
  513      250.866345209901539      250.866345209901482
  514      250.866345209901539      250.866345209901482
  515      250.866345209901539      250.866345209901482
  516      250.866345209901539      250.866345209901482
  517      250.866345209901539      250.866345209901482
  518      250.866345209901539      250.866345209901482
  519      250.866345209901539      250.866345209901482
  520      250.866345209901539      250.866345209901482
  521      250.866345209901539      250.866345209901482
  522      250.866345209901539      250.866345209901482
  523      250.866345209901539      250.866345209901482
  524      250.866345209901539      250.866345209901482
  525      250.866345209901539      250.866345209901482
  526      250.866345209901539      250.866345209901482
  527      250.866345209901539      250.866345209901482
  528      250.866345209901539      250.866345209901482
  529      250.866345209901539      250.866345209901482
  530      250.866345209901539      250.866345209901482
  531      250.866345209901539      250.866345209901482
  532      250.866345209901539      250.866345209901482
  533      250.866345209901539      250.866345209901482
  534      250.866345209901539      250.866345209901482
  535      250.866345209901539      250.866345209901482
  536      250.866345209901539      250.866345209901482
  537      250.866345209901539      250.866345209901482
  538      250.866345209901539      250.866345209901482
  539      250.866345209901539      250.866345209901482
  540      250.866345209901539      250.866345209901482
  541      250.866345209901539      250.866345209901482
  542      250.866345209901539      250.866345209901482
  543      250.866345209901539      250.866345209901482
  544      250.866345209901539      250.866345209901482
  545      250.866345209901539      250.866345209901482
  546      250.866345209901539      250.866345209901482
  547      250.866345209901539      250.866345209901482
  548      250.866345209901539      250.866345209901482
  549      250.866345209901539      250.866345209901482
  550      250.866345209901539      250.866345209901482
  551      250.866345209901539      250.866345209901482
  552      250.866345209901539      250.866345209901482
  553      250.866345209901539      250.866345209901482
  554      250.866345209901539      250.866345209901482
  555      250.866345209901539      250.866345209901482
  556      250.866345209901539      250.866345209901482
  557      250.866345209901539      250.866345209901482
  558      250.866345209901539      250.866345209901482
  559      250.866345209901539      250.866345209901482
  560      250.866345209901539      250.866345209901482
  561      250.866345209901539      250.866345209901482
  562      250.866345209901539      250.866345209901482
  563      250.866345209901539      250.866345209901482
  564      250.866345209901539      250.866345209901482
  565      250.866345209901539      250.866345209901482
  566      250.866345209901539      250.866345209901482
  567      250.866345209901539      250.866345209901482
  568      250.866345209901539      250.866345209901482
  569      250.866345209901539      250.866345209901482
  570      250.866345209901539      250.866345209901482
  571      250.866345209901539      250.866345209901482
  572      250.866345209901539      250.866345209901482
  573      250.866345209901539      250.866345209901482
  574      250.866345209901539      250.866345209901482
  575      250.866345209901539      250.866345209901482
  576      250.866345209901539      250.866345209901482
  577      250.866345209901539      250.866345209901482
  578      250.866345209901539      250.866345209901482
  579      250.866345209901539      250.866345209901482
  580      250.866345209901539      250.866345209901482
  581      250.866345209901539      250.866345209901482
  582      250.866345209901539      250.866345209901482
  583      250.866345209901539      250.866345209901482
  584      250.866345209901539      250.866345209901482
  585      250.866345209901539      250.866345209901482
  586      250.866345209901539      250.866345209901482
  587      250.866345209901539      250.866345209901482
  588      250.866345209901539      250.866345209901482
  589      250.866345209901539      250.866345209901482
  590      250.866345209901539      250.866345209901482
  591      250.866345209901539      250.866345209901482
  592      250.866345209901539      250.866345209901482
  593      250.866345209901539      250.866345209901482
  594      250.866345209901539      250.866345209901482
  595      250.866345209901539      250.866345209901482
  596      250.866345209901539      250.866345209901482
  597      250.866345209901539      250.866345209901482
  598      250.866345209901539      250.866345209901482
  599      250.866345209901539      250.866345209901482
  600      250.866345209901539      250.866345209901482
  601      250.866345209901539      250.866345209901482
  602      250.866345209901539      250.866345209901482
  603      250.866345209901539      250.866345209901482
  604      250.866345209901539      250.866345209901482
  605      250.866345209901539      250.866345209901482
  606      250.866345209901539      250.866345209901482
  607      250.866345209901539      250.866345209901482
  608      250.866345209901539      250.866345209901482
  609      250.866345209901539      250.866345209901482
  610      250.866345209901539      250.866345209901482
  611      250.866345209901539      250.866345209901482
  612      250.866345209901539      250.866345209901482
  613      250.866345209901539      250.866345209901482
  614      250.866345209901539      250.866345209901482
  615      250.866345209901539      250.866345209901482
  616      250.866345209901539      250.866345209901482
  617      250.866345209901539      250.866345209901482
  618      250.866345209901539      250.866345209901482
  619      250.866345209901539      250.866345209901482
  620      250.866345209901539      250.866345209901482
  621      250.866345209901539      250.866345209901482
  622      250.866345209901539      250.866345209901482
  623      250.866345209901539      250.866345209901482
  624      250.866345209901539      250.866345209901482
  625      250.866345209901539      250.866345209901482
  626      250.866345209901539      250.866345209901482
  627      250.866345209901539      250.866345209901482
  628      250.866345209901539      250.866345209901482
  629      250.866345209901539      250.866345209901482
  630      250.866345209901539      250.866345209901482
  631      250.866345209901539      250.866345209901482
  632      250.866345209901539      250.866345209901482
  633      250.866345209901539      250.866345209901482
  634      250.866345209901539      250.866345209901482
  635      250.866345209901539      250.866345209901482
  636      250.866345209901539      250.866345209901482
  637      250.866345209901539      250.866345209901482
  638      250.866345209901539      250.866345209901482
  639      250.866345209901539      250.866345209901482
  640      250.866345209901539      250.866345209901482
  641      250.866345209901539      250.866345209901482
  642      250.866345209901539      250.866345209901482
  643      250.866345209901539      250.866345209901482
  644      250.866345209901539      250.866345209901482
  645      250.866345209901539      250.866345209901482
  646      250.866345209901539      250.866345209901482
  647      250.866345209901539      250.866345209901482
  648      250.866345209901539      250.866345209901482
  649      250.866345209901539      250.866345209901482
  650      250.866345209901539      250.866345209901482
  651      250.866345209901539      250.866345209901482
  652      250.866345209901539      250.866345209901482
  653      250.866345209901539      250.866345209901482
  654      250.866345209901539      250.866345209901482
  655      250.866345209901539      250.866345209901482
  656      250.866345209901539      250.866345209901482
  657      250.866345209901539      250.866345209901482
  658      250.866345209901539      250.866345209901482
  659      250.866345209901539      250.866345209901482
  660      250.866345209901539      250.866345209901482
  661      250.866345209901539      250.866345209901482
  662      250.866345209901539      250.866345209901482
  663      250.866345209901539      250.866345209901482
  664      250.866345209901539      250.866345209901482
  665      250.866345209901539      250.866345209901482
  666      250.866345209901539      250.866345209901482
  667      250.866345209901539      250.866345209901482
  668      250.866345209901539      250.866345209901482
  669      250.866345209901539      250.866345209901482
  670      250.866345209901539      250.866345209901482
  671      250.866345209901539      250.866345209901482
  672      250.866345209901539      250.866345209901482
  673      250.866345209901539      250.866345209901482
  674      250.866345209901539      250.866345209901482
  675      250.866345209901539      250.866345209901482
  676      250.866345209901539      250.866345209901482
  677      250.866345209901539      250.866345209901482
  678      250.866345209901539      250.866345209901482
  679      250.866345209901539      250.866345209901482
  680      250.866345209901539      250.866345209901482
  681      250.866345209901539      250.866345209901482
  682      250.866345209901539      250.866345209901482
  683      250.866345209901539      250.866345209901482
  684      250.866345209901539      250.866345209901482
  685      250.866345209901539      250.866345209901482
  686      250.866345209901539      250.866345209901482
  687      250.866345209901539      250.866345209901482
  688      250.866345209901539      250.866345209901482
  689      250.866345209901539      250.866345209901482
  690      250.866345209901539      250.866345209901482
  691      250.866345209901539      250.866345209901482
  692      250.866345209901539      250.866345209901482
  693      250.866345209901539      250.866345209901482
  694      250.866345209901539      250.866345209901482
  695      250.866345209901539      250.866345209901482
  696      250.866345209901539      250.866345209901482
  697      250.866345209901539      250.866345209901482
  698      250.866345209901539      250.866345209901482
  699      250.866345209901539      250.866345209901482
  700      250.866345209901539      250.866345209901482
  701      250.866345209901539      250.866345209901482
  702      250.866345209901539      250.866345209901482
  703      250.866345209901539      250.866345209901482
  704      250.866345209901539      250.866345209901482
  705      250.866345209901539      250.866345209901482
  706      250.866345209901539      250.866345209901482
  707      250.866345209901539      250.866345209901482
  708      250.866345209901539      250.866345209901482
  709      250.866345209901539      250.866345209901482
  710      250.866345209901539      250.866345209901482
  711      250.866345209901539      250.866345209901482
  712      250.866345209901539      250.866345209901482
  713      250.866345209901539      250.866345209901482
  714      250.866345209901539      250.866345209901482
  715      250.866345209901539      250.866345209901482
  716      250.866345209901539      250.866345209901482
  717      250.866345209901539      250.866345209901482
  718      250.866345209901539      250.866345209901482
  719      250.866345209901539      250.866345209901482
  720      250.866345209901539      250.866345209901482
  721      250.866345209901539      250.866345209901482
  722      250.866345209901539      250.866345209901482
  723      250.866345209901539      250.866345209901482
  724      250.866345209901539      250.866345209901482
  725      250.866345209901539      250.866345209901482
  726      250.866345209901539      250.866345209901482
  727      250.866345209901539      250.866345209901482
  728      250.866345209901539      250.866345209901482
  729      250.866345209901539      250.866345209901482
  730      250.866345209901539      250.866345209901482
  731      250.866345209901539      250.866345209901482
  732      250.866345209901539      250.866345209901482
  733      250.866345209901539      250.866345209901482
  734      250.866345209901539      250.866345209901482
  735      250.866345209901539      250.866345209901482
  736      250.866345209901539      250.866345209901482
  737      250.866345209901539      250.866345209901482
  738      250.866345209901539      250.866345209901482
  739      250.866345209901539      250.866345209901482
  740      250.866345209901539      250.866345209901482
  741      250.866345209901539      250.866345209901482
  742      250.866345209901539      250.866345209901482
  743      250.866345209901539      250.866345209901482
  744      250.866345209901539      250.866345209901482
  745      250.866345209901539      250.866345209901482
  746      250.866345209901539      250.866345209901482
  747      250.866345209901539      250.866345209901482
  748      250.866345209901539      250.866345209901482
  749      250.866345209901539      250.866345209901482
  750      250.866345209901539      250.866345209901482
  751      250.866345209901539      250.866345209901482
  752      250.866345209901539      250.866345209901482
  753      250.866345209901539      250.866345209901482
  754      250.866345209901539      250.866345209901482
  755      250.866345209901539      250.866345209901482
  756      250.866345209901539      250.866345209901482
  757      250.866345209901539      250.866345209901482
  758      250.866345209901539      250.866345209901482
  759      250.866345209901539      250.866345209901482
  760      250.866345209901539      250.866345209901482
  761      250.866345209901539      250.866345209901482
  762      250.866345209901539      250.866345209901482
  763      250.866345209901539      250.866345209901482
  764      250.866345209901539      250.866345209901482
  765      250.866345209901539      250.866345209901482
  766      250.866345209901539      250.866345209901482
  767      250.866345209901539      250.866345209901482
  768      250.866345209901539      250.866345209901482
  769      250.866345209901539      250.866345209901482
  770      250.866345209901539      250.866345209901482
  771      250.866345209901539      250.866345209901482
  772      250.866345209901539      250.866345209901482
  773      250.866345209901539      250.866345209901482
  774      250.866345209901539      250.866345209901482
  775      250.866345209901539      250.866345209901482
  776      250.866345209901539      250.866345209901482
  777      250.866345209901539      250.866345209901482
  778      250.866345209901539      250.866345209901482
  779      250.866345209901539      250.866345209901482
  780      250.866345209901539      250.866345209901482
  781      250.866345209901539      250.866345209901482
  782      250.866345209901539      250.866345209901482
  783      250.866345209901539      250.866345209901482
  784      250.866345209901539      250.866345209901482
  785      250.866345209901539      250.866345209901482
  786      250.866345209901539      250.866345209901482
  787      250.866345209901539      250.866345209901482
  788      250.866345209901539      250.866345209901482
  789      250.866345209901539      250.866345209901482
  790      250.866345209901539      250.866345209901482
  791      250.866345209901539      250.866345209901482
  792      250.866345209901539      250.866345209901482
  793      250.866345209901539      250.866345209901482
  794      250.866345209901539      250.866345209901482
  795      250.866345209901539      250.866345209901482
  796      250.866345209901539      250.866345209901482
  797      250.866345209901539      250.866345209901482
  798      250.866345209901539      250.866345209901482
  799      250.866345209901539      250.866345209901482
  800      250.866345209901539      250.866345209901482
  801      250.866345209901539      250.866345209901482
  802      250.866345209901539      250.866345209901482
  803      250.866345209901539      250.866345209901482
  804      250.866345209901539      250.866345209901482
  805      250.866345209901539      250.866345209901482
  806      250.866345209901539      250.866345209901482
  807      250.866345209901539      250.866345209901482
  808      250.866345209901539      250.866345209901482
  809      250.866345209901539      250.866345209901482
  810      250.866345209901539      250.866345209901482
  811      250.866345209901539      250.866345209901482
  812      250.866345209901539      250.866345209901482
  813      250.866345209901539      250.866345209901482
  814      250.866345209901539      250.866345209901482
  815      250.866345209901539      250.866345209901482
  816      250.866345209901539      250.866345209901482
  817      250.866345209901539      250.866345209901482
  818      250.866345209901539      250.866345209901482
  819      250.866345209901539      250.866345209901482
  820      250.866345209901539      250.866345209901482
  821      250.866345209901539      250.866345209901482
  822      250.866345209901539      250.866345209901482
  823      250.866345209901539      250.866345209901482
  824      250.866345209901539      250.866345209901482
  825      250.866345209901539      250.866345209901482
  826      250.866345209901539      250.866345209901482
  827      250.866345209901539      250.866345209901482
  828      250.866345209901539      250.866345209901482
  829      250.866345209901539      250.866345209901482
  830      250.866345209901539      250.866345209901482
  831      250.866345209901539      250.866345209901482
  832      250.866345209901539      250.866345209901482
  833      250.866345209901539      250.866345209901482
  834      250.866345209901539      250.866345209901482
  835      250.866345209901539      250.866345209901482
  836      250.866345209901539      250.866345209901482
  837      250.866345209901539      250.866345209901482
  838      250.866345209901539      250.866345209901482
  839      250.866345209901539      250.866345209901482
  840      250.866345209901539      250.866345209901482
  841      250.866345209901539      250.866345209901482
  842      250.866345209901539      250.866345209901482
  843      250.866345209901539      250.866345209901482
  844      250.866345209901539      250.866345209901482
  845      250.866345209901539      250.866345209901482
  846      250.866345209901539      250.866345209901482
  847      250.866345209901539      250.866345209901482
  848      250.866345209901539      250.866345209901482
  849      250.866345209901539      250.866345209901482
  850      250.866345209901539      250.866345209901482
  851      250.866345209901539      250.866345209901482
  852      250.866345209901539      250.866345209901482
  853      250.866345209901539      250.866345209901482
  854      250.866345209901539      250.866345209901482
  855      250.866345209901539      250.866345209901482
  856      250.866345209901539      250.866345209901482
  857      250.866345209901539      250.866345209901482
  858      250.866345209901539      250.866345209901482
  859      250.866345209901539      250.866345209901482
  860      250.866345209901539      250.866345209901482
  861      250.866345209901539      250.866345209901482
  862      250.866345209901539      250.866345209901482
  863      250.866345209901539      250.866345209901482
  864      250.866345209901539      250.866345209901482
  865      250.866345209901539      250.866345209901482
  866      250.866345209901539      250.866345209901482
  867      250.866345209901539      250.866345209901482
  868      250.866345209901539      250.866345209901482
  869      250.866345209901539      250.866345209901482
  870      250.866345209901539      250.866345209901482
  871      250.866345209901539      250.866345209901482
  872      250.866345209901539      250.866345209901482
  873      250.866345209901539      250.866345209901482
  874      250.866345209901539      250.866345209901482
  875      250.866345209901539      250.866345209901482
  876      250.866345209901539      250.866345209901482
  877      250.866345209901539      250.866345209901482
  878      250.866345209901539      250.866345209901482
  879      250.866345209901539      250.866345209901482
  880      250.866345209901539      250.866345209901482
  881      250.866345209901539      250.866345209901482
  882      250.866345209901539      250.866345209901482
  883      250.866345209901539      250.866345209901482
  884      250.866345209901539      250.866345209901482
  885      250.866345209901539      250.866345209901482
  886      250.866345209901539      250.866345209901482
  887      250.866345209901539      250.866345209901482
  888      250.866345209901539      250.866345209901482
  889      250.866345209901539      250.866345209901482
  890      250.866345209901539      250.866345209901482
  891      250.866345209901539      250.866345209901482
  892      250.866345209901539      250.866345209901482
  893      250.866345209901539      250.866345209901482
  894      250.866345209901539      250.866345209901482
  895      250.866345209901539      250.866345209901482
  896      250.866345209901539      250.866345209901482
  897      250.866345209901539      250.866345209901482
  898      250.866345209901539      250.866345209901482
  899      250.866345209901539      250.866345209901482
  900      250.866345209901539      250.866345209901482
  901      250.866345209901539      250.866345209901482
  902      250.866345209901539      250.866345209901482
  903      250.866345209901539      250.866345209901482
  904      250.866345209901539      250.866345209901482
  905      250.866345209901539      250.866345209901482
  906      250.866345209901539      250.866345209901482
  907      250.866345209901539      250.866345209901482
  908      250.866345209901539      250.866345209901482
  909      250.866345209901539      250.866345209901482
  910      250.866345209901539      250.866345209901482
  911      250.866345209901539      250.866345209901482
  912      250.866345209901539      250.866345209901482
  913      250.866345209901539      250.866345209901482
  914      250.866345209901539      250.866345209901482
  915      250.866345209901539      250.866345209901482
  916      250.866345209901539      250.866345209901482
  917      250.866345209901539      250.866345209901482
  918      250.866345209901539      250.866345209901482
  919      250.866345209901539      250.866345209901482
  920      250.866345209901539      250.866345209901482
  921      250.866345209901539      250.866345209901482
  922      250.866345209901539      250.866345209901482
  923      250.866345209901539      250.866345209901482
  924      250.866345209901539      250.866345209901482
  925      250.866345209901539      250.866345209901482
  926      250.866345209901539      250.866345209901482
  927      250.866345209901539      250.866345209901482
  928      250.866345209901539      250.866345209901482
  929      250.866345209901539      250.866345209901482
  930      250.866345209901539      250.866345209901482
  931      250.866345209901539      250.866345209901482
  932      250.866345209901539      250.866345209901482
  933      250.866345209901539      250.866345209901482
  934      250.866345209901539      250.866345209901482
  935      250.866345209901539      250.866345209901482
  936      250.866345209901539      250.866345209901482
  937      250.866345209901539      250.866345209901482
  938      250.866345209901539      250.866345209901482
  939      250.866345209901539      250.866345209901482
  940      250.866345209901539      250.866345209901482
  941      250.866345209901539      250.866345209901482
  942      250.866345209901539      250.866345209901482
  943      250.866345209901539      250.866345209901482
  944      250.866345209901539      250.866345209901482
  945      250.866345209901539      250.866345209901482
  946      250.866345209901539      250.866345209901482
  947      250.866345209901539      250.866345209901482
  948      250.866345209901539      250.866345209901482
  949      250.866345209901539      250.866345209901482
  950      250.866345209901539      250.866345209901482
  951      250.866345209901539      250.866345209901482
  952      250.866345209901539      250.866345209901482
  953      250.866345209901539      250.866345209901482
  954      250.866345209901539      250.866345209901482
  955      250.866345209901539      250.866345209901482
  956      250.866345209901539      250.866345209901482
  957      250.866345209901539      250.866345209901482
  958      250.866345209901539      250.866345209901482
  959      250.866345209901539      250.866345209901482
  960      250.866345209901539      250.866345209901482
  961      250.866345209901539      250.866345209901482
  962      250.866345209901539      250.866345209901482
  963      250.866345209901539      250.866345209901482
  964      250.866345209901539      250.866345209901482
  965      250.866345209901539      250.866345209901482
  966      250.866345209901539      250.866345209901482
  967      250.866345209901539      250.866345209901482
  968      250.866345209901539      250.866345209901482
  969      250.866345209901539      250.866345209901482
  970      250.866345209901539      250.866345209901482
  971      250.866345209901539      250.866345209901482
  972      250.866345209901539      250.866345209901482
  973      250.866345209901539      250.866345209901482
  974      250.866345209901539      250.866345209901482
  975      250.866345209901539      250.866345209901482
  976      250.866345209901539      250.866345209901482
  977      250.866345209901539      250.866345209901482
  978      250.866345209901539      250.866345209901482
  979      250.866345209901539      250.866345209901482
  980      250.866345209901539      250.866345209901482
  981      250.866345209901539      250.866345209901482
  982      250.866345209901539      250.866345209901482
  983      250.866345209901539      250.866345209901482
  984      250.866345209901539      250.866345209901482
  985      250.866345209901539      250.866345209901482
  986      250.866345209901539      250.866345209901482
  987      250.866345209901539      250.866345209901482
  988      250.866345209901539      250.866345209901482
  989      250.866345209901539      250.866345209901482
  990      250.866345209901539      250.866345209901482
  991      250.866345209901539      250.866345209901482
  992      250.866345209901539      250.866345209901482
  993      250.866345209901539      250.866345209901482
  994      250.866345209901539      250.866345209901482
  995      250.866345209901539      250.866345209901482
  996      250.866345209901539      250.866345209901482
  997      250.866345209901539      250.866345209901482
  998      250.866345209901539      250.866345209901482
  999      250.866345209901539      250.866345209901482
 1000      250.866345209901539      250.866345209901482
